10 1000
98529957346317450 152236857134815345 177377559472038975 164597774933123338 12822087701117789 218463030791826767 191761638966619528 460574552034690531 422073782569238735 579981907110580904
2 2 5
2 3 7
2 1 9
2 3 8
2 1 8
2 2 5
2 2 10
2 1 10
2 2 10
1 1 1 2094710883
2 2 10
2 1 10
2 3 5
2 1 9
2 4 7
2 2 8
2 4 5
2 6 6
2 1 7
1 5 7 1948318636
2 2 10
2 1 8
2 1 10
2 2 6
2 1 9
2 2 3
2 8 10
2 2 9
2 3 7
2 7 7
2 2 8
2 1 7
2 9 10
2 5 6
2 2 9
2 2 9
2 6 10
2 1 7
2 3 7
2 1 10
2 4 8
2 2 5
2 6 10
2 6 9
2 5 10
2 3 10
2 4 4
2 1 8
2 2 10
2 2 10
2 1 10
2 1 6
2 1 10
2 9 10
2 3 3
2 3 7
2 2 10
2 2 6
2 8 10
2 6 6
2 4 7
2 1 5
2 3 9
2 5 5
2 5 7
2 1 7
2 4 9
2 2 10
2 5 8
2 1 10
2 7 7
2 1 9
2 3 8
2 2 8
2 4 4
2 7 9
2 1 9
2 3 9
2 8 9
1 7 7 -359420073
2 3 8
2 3 7
2 2 6
2 3 9
2 3 8
2 2 7
2 8 10
2 1 10
2 3 6
2 1 7
2 2 9
2 4 6
2 2 10
2 1 9
2 3 5
2 1 6
2 2 2
2 1 10
2 1 5
2 8 10
2 3 9
2 2 10
2 4 4
2 5 7
2 1 7
2 4 10
2 3 9
2 8 10
2 3 10
2 6 6
2 2 8
2 4 7
2 1 10
2 2 4
2 2 8
2 3 9
2 8 9
2 1 2
2 7 10
2 3 9
1 2 4 310483410
2 6 8
2 10 10
2 1 10
2 3 8
2 1 10
2 2 10
2 5 10
2 3 4
2 2 3
2 4 8
2 1 10
2 2 9
2 1 1
2 1 9
2 7 10
2 8 9
2 6 10
1 2 6 1216129854
2 3 10
2 6 7
2 2 7
2 5 8
2 2 9
2 9 10
1 2 4 744698074
2 3 9
2 1 2
2 2 10
2 7 7
2 1 3
2 3 10
2 1 10
2 7 10
2 4 9
1 2 9 -1397818758
2 5 9
2 2 7
2 1 10
2 2 10
1 1 6 -2067530929
2 2 2
2 2 3
2 1 9
2 1 10
2 5 7
2 1 10
2 2 9
2 3 9
2 4 7
2 1 10
2 3 9
2 4 7
2 8 8
2 2 8
2 2 10
2 1 8
1 2 3 216444328
2 1 7
2 3 10
1 1 1 791428591
2 2 6
2 1 8
2 1 10
2 6 7
2 2 7
2 4 6
2 5 8
2 5 6
2 2 10
2 2 3
2 9 10
2 7 10
2 2 3
2 1 10
2 9 10
2 2 3
2 8 10
2 1 9
2 2 10
2 10 10
2 10 10
2 1 5
2 3 7
2 2 9
1 3 3 -12059060
2 3 8
2 1 5
2 4 10
2 1 6
2 3 10
2 3 10
1 3 10 -1291648269
2 1 10
2 1 7
2 2 7
1 3 3 -129969196
2 2 10
1 1 6 -1259857804
1 1 9 168592798
2 4 4
2 3 7
2 3 10
2 7 10
2 9 9
2 2 8
2 1 10
2 3 7
1 2 10 1022857546
2 5 8
2 7 10
2 1 8
2 2 8
1 2 10 1021156776
1 3 7 331822361
2 2 7
2 1 10
2 4 6
2 2 8
2 3 6
2 5 9
2 7 9
2 5 5
2 1 7
2 1 9
2 4 7
2 9 9
2 2 10
2 7 7
2 4 10
2 5 8
2 2 10
2 1 10
2 1 10
2 2 10
2 2 7
2 2 10
2 6 8
2 1 10
2 1 4
2 1 9
2 3 10
2 1 10
2 2 10
1 1 8 -674602740
1 7 9 208055100
2 3 6
2 3 6
1 1 10 -1463583526
2 2 8
2 3 10
2 7 8
2 2 9
2 3 7
2 1 10
2 1 7
2 1 10
2 1 8
2 5 6
2 6 7
2 1 7
2 2 10
2 6 9
2 2 10
2 2 4
2 1 9
2 6 8
2 7 10
2 1 9
2 6 9
1 3 3 686439707
2 2 9
2 2 7
2 2 4
2 7 7
2 1 7
2 6 8
2 1 2
1 5 7 1312921442
2 4 8
2 2 4
2 1 10
2 1 10
2 2 4
2 5 5
2 3 7
1 4 8 671416952
2 4 10
2 1 10
2 1 3
1 2 9 1329671238
2 1 9
2 2 10
2 8 9
2 3 8
2 3 10
2 10 10
2 6 8
2 1 4
2 2 10
2 1 4
2 5 6
2 7 10
2 1 5
2 10 10
2 1 8
2 1 8
2 2 8
2 5 7
2 1 4
2 8 10
2 4 10
2 2 9
2 4 6
2 1 8
2 3 8
1 4 8 -1572714225
2 1 4
2 1 10
2 1 8
2 2 10
2 4 10
2 1 6
2 2 8
2 2 9
1 1 10 386261302
2 2 7
2 2 8
2 2 10
2 1 10
2 3 10
2 5 6
2 4 4
2 3 8
2 1 8
2 5 6
2 7 7
2 3 8
2 9 10
2 7 9
2 3 9
2 4 9
2 2 4
2 1 9
2 1 10
2 2 9
2 1 9
2 1 7
2 1 8
1 1 2 -447663021
2 5 7
2 2 8
2 6 8
2 3 10
2 7 9
2 1 9
1 3 8 -564848333
2 2 9
2 1 7
2 2 10
2 1 5
2 2 9
2 8 10
2 2 6
2 2 10
2 7 10
2 3 8
2 2 10
2 2 5
2 5 6
2 3 4
2 3 5
1 2 2 735363486
1 7 8 -1822265422
2 1 7
2 1 9
2 1 10
2 3 9
2 1 10
2 5 9
2 4 9
2 2 4
2 4 7
2 9 10
2 2 7
2 6 7
2 3 10
2 1 3
2 2 3
2 2 9
2 3 7
2 2 9
2 5 10
2 5 8
2 7 10
2 2 8
2 4 9
2 1 10
2 8 9
2 5 9
2 7 9
2 1 10
2 4 10
2 1 9
2 5 10
2 8 8
1 6 7 -441932419
2 3 9
2 3 8
2 3 7
2 4 9
2 1 4
2 2 10
2 2 10
2 1 9
2 7 7
2 2 9
2 4 4
1 4 10 148716133
2 2 10
2 3 8
2 7 10
2 2 3
2 1 10
2 5 9
2 1 10
2 1 9
2 5 10
2 1 2
2 2 10
2 7 7
2 5 8
2 2 6
2 1 10
2 1 9
2 2 10
2 1 10
2 6 6
2 2 10
2 1 8
1 5 8 -1026563484
2 2 4
2 8 9
2 2 6
2 2 9
2 4 10
2 4 7
1 5 6 -675563308
2 4 8
2 1 10
2 3 9
2 2 6
2 1 9
2 3 8
2 4 10
2 10 10
2 3 9
2 1 5
2 4 9
2 2 9
2 2 9
2 2 2
2 2 10
2 2 10
2 1 1
1 5 9 707505536
2 1 4
2 3 7
2 3 6
2 4 8
2 3 9
2 1 6
2 4 9
2 3 6
2 5 8
2 5 9
2 3 7
1 5 10 476689659
1 1 10 343098804
1 3 6 -1186945774
2 1 5
2 4 8
2 3 8
2 7 8
1 6 6 -240593195
2 1 8
2 1 8
2 3 7
1 3 5 -1568103779
1 7 10 -586171601
1 6 8 1449698874
2 1 10
2 1 10
2 1 6
2 3 10
2 3 5
2 1 6
2 2 10
2 2 10
2 6 7
2 2 8
1 3 10 898542723
2 2 5
2 4 6
2 3 10
2 3 5
2 9 10
2 1 9
2 5 8
2 1 10
2 6 8
1 3 8 -1853994250
2 2 9
2 2 4
1 1 9 489882085
2 2 8
2 7 10
2 2 10
2 2 5
2 6 8
2 2 9
1 2 9 -816227690
2 8 9
2 9 10
2 4 5
2 2 6
2 6 9
2 1 9
2 6 9
2 2 8
2 3 3
2 2 2
2 1 10
2 2 5
2 2 3
2 4 9
2 1 4
2 2 10
1 8 10 -984719503
2 3 7
2 4 9
2 1 4
2 1 10
2 4 6
2 5 10
2 5 9
2 1 1
2 6 6
2 4 4
2 3 9
2 2 10
2 1 10
2 1 3
2 4 10
2 6 10
2 1 9
2 1 10
2 7 8
2 1 10
2 1 2
2 1 8
2 2 7
2 2 5
2 7 10
2 2 9
1 4 7 777211129
2 1 4
2 4 5
2 1 4
2 3 3
2 2 10
2 1 10
2 2 7
2 8 9
2 1 2
2 3 6
2 5 8
2 2 10
2 4 6
2 10 10
1 1 10 -819700670
2 2 10
2 5 7
2 2 2
2 1 10
2 6 10
2 9 9
1 5 8 -374768075
2 2 8
2 4 10
1 6 10 916926684
2 4 7
2 8 9
2 6 10
2 5 9
2 5 10
2 5 10
2 4 5
2 3 10
1 1 9 -1191684869
2 3 6
2 6 7
1 7 8 -166143028
2 3 8
2 2 3
2 5 7
2 9 10
2 1 5
2 1 8
2 4 6
2 2 10
2 1 10
2 2 6
2 4 9
2 3 9
2 2 9
2 2 4
1 2 8 -591715124
2 2 10
2 7 7
2 4 8
2 1 8
2 2 7
2 3 10
2 6 8
2 2 8
2 6 6
2 4 10
2 1 10
1 6 9 1010404911
1 9 9 820773838
2 4 4
2 3 5
2 2 10
2 3 4
1 9 10 -1728631606
2 1 7
2 4 8
1 1 10 -2100841914
2 3 8
2 2 3
2 8 8
2 7 7
2 8 9
2 1 4
2 1 2
2 2 3
2 4 8
1 10 10 122084974
1 5 8 1598624882
2 2 3
1 5 7 -1180841722
2 4 6
2 2 9
2 1 10
2 6 7
2 1 10
2 1 8
2 8 9
2 9 9
2 10 10
2 5 10
2 2 8
2 8 10
1 1 10 -1231427077
2 1 10
2 8 9
2 2 10
2 2 7
2 10 10
1 1 9 263762984
2 4 9
1 5 8 301674291
1 2 10 -1442267453
2 6 6
2 5 8
2 4 10
2 4 9
2 5 10
2 1 4
2 5 7
2 2 10
2 3 9
1 7 9 -1962824851
2 3 10
2 7 8
2 3 9
2 4 9
2 7 7
2 6 10
2 2 8
2 1 10
2 3 9
2 1 9
1 1 10 -1018504579
2 3 5
2 1 9
2 2 6
1 1 10 416973161
2 4 4
2 1 5
2 8 9
2 2 6
2 9 10
2 1 9
1 3 10 518375184
1 2 6 -756621144
2 8 10
2 1 3
2 3 10
2 4 10
2 1 10
2 5 10
2 2 5
1 8 8 1974900882
2 9 10
2 6 7
2 5 7
2 4 7
2 4 7
2 2 8
2 7 9
2 8 8
2 6 10
2 2 9
2 1 2
2 4 8
2 2 7
1 1 7 1904129443
2 2 10
1 3 7 -1720696926
2 3 9
2 8 10
2 5 7
2 4 5
2 1 9
2 1 9
2 8 10
2 2 8
2 1 9
2 1 8
2 10 10
2 5 10
2 1 10
1 3 9 2133683519
2 2 9
2 4 7
2 1 10
1 3 7 -250002230
2 2 9
2 6 9
2 5 10
2 9 10
2 1 9
2 4 10
2 3 7
2 7 10
2 2 6
2 4 10
2 2 2
2 1 10
2 2 4
2 4 7
2 1 9
1 1 10 -1820707736
2 3 3
2 1 10
2 3 7
2 1 7
2 2 5
2 1 1
2 4 10
2 4 9
2 4 9
2 10 10
2 1 8
1 5 9 -1781557541
2 5 5
2 2 7
2 5 6
2 5 5
2 1 9
1 1 8 639590441
2 3 10
2 1 2
2 5 8
1 2 4 -1127289101
2 1 10
2 2 8
2 4 10
2 3 8
2 4 10
2 3 8
2 5 5
2 8 9
2 5 10
2 3 5
2 1 9
2 1 10
2 3 10
1 1 5 2071401200
2 3 9
2 4 5
2 3 4
2 6 9
2 3 10
2 5 8
2 1 10
2 5 7
2 1 6
2 4 9
2 5 6
2 1 9
2 1 9
2 1 3
2 1 3
2 3 10
2 7 10
2 2 8
2 2 10
2 1 5
1 5 8 -537628018
2 3 6
2 2 10
2 1 5
2 1 4
2 1 10
2 8 10
2 9 10
2 1 10
2 4 9
2 1 3
2 3 7
2 9 10
2 3 8
2 2 6
2 1 8
2 8 9
2 8 8
2 1 10
2 1 6
1 3 10 -781040127
2 5 8
2 1 7
2 10 10
2 4 10
2 6 10
2 2 5
1 5 7 -350302588
2 4 6
2 6 9
1 5 10 1311648585
2 1 3
2 1 10
2 1 3
2 1 6
2 2 4
2 2 7
2 4 5
2 1 2
2 9 9
2 7 10
2 4 4
2 1 8
2 1 10
2 1 8
2 5 5
2 5 6
2 2 10
2 1 10
1 1 9 -1012667187
2 6 6
2 5 7
2 1 10
2 3 5
2 5 10
2 4 10
2 8 10
2 3 7
2 5 8
2 2 6
1 4 7 1944097891
2 3 10
2 3 4
2 1 6
2 1 10
2 1 10
2 7 9
2 1 9
2 1 8
2 4 10
2 3 7
2 2 6
2 1 8
1 2 8 1684336119
1 6 8 -574025785
1 8 8 621697919
2 1 9
2 1 5
2 1 9
2 1 9
2 2 10
2 5 9
2 3 10
2 1 2
2 1 7
2 4 7
2 3 9
2 2 9
2 5 9
2 2 7
2 1 10
2 2 5
2 4 7
2 3 9
2 1 9
1 1 9 562575376
2 1 10
2 6 9
2 2 9
2 9 9
2 1 10
1 5 9 482189509
1 2 10 986089133
2 2 4
2 5 10
2 1 10
2 1 10
2 1 10
2 3 10
2 1 9
2 6 9
2 4 9
2 1 5
2 5 5
2 2 7
1 1 9 1731404156
1 1 10 -1955540927
2 1 9
2 5 8
2 4 4
2 5 10
2 3 8
2 1 7
2 1 10
2 2 6
2 2 5
2 2 7
2 4 5
2 6 6
1 1 9 1079726409
2 2 5
2 2 4
2 2 8
2 3 7
2 2 5
2 1 10
2 6 10
2 1 9
1 8 8 -1039272960
2 2 2
2 1 2
2 1 9
2 1 9
1 3 10 612450638
2 2 10
2 2 7
2 1 6
2 7 10
2 3 10
2 1 10
2 3 6
2 7 9
2 5 5
2 10 10
2 3 8
1 1 10 503822264
2 4 6
2 1 9
1 6 8 -742669398
