507034279241095447
765022091864726397
1898437240949788458
1225596643899416928
1476363458380549723
507034279241095447
2379889190714051912
2478419148060369362
2379889190714051912
2379889190714051912
2478419150155080245
354797422106280102
1898437243044499341
587644532392687422
1377833501034232273
177419862634241127
218463030791826767
1015788908440570075
2379889196559007820
1476363466320216514
2478419156000036153
725497313929559486
1898437248889455249
329614416606854320
1462630241714510170
1799907289448426916
765022097709682305
191761640914938164
1377833506879188181
1015788914285525983
1002055689679819639
231285122389581828
1799907289448426916
1799907289448426916
1872854915369593737
1015788914285525983
765022097709682305
2478419156000036153
1048219090272333861
507034281189414083
1872854915369593737
1292873008259012833
1885677005019030162
2227652339424192475
164597774933123338
1476363466320216514
2379889196559007820
2379889196559007820
2478419156000036153
824027273370587819
2478419156000036153
1002055689679819639
177377559472038975
765022097709682305
2379889196559007820
725497313929559486
1462630241714510170
218463032740145403
587644538237643330
605564240630442416
1647670432313611571
12822089649436425
423046763304519992
1015788914285525983
1470292872841572596
2379889196559007820
883621315339210523
2478419156000036153
191761640914938164
1898437248889455249
1225596649744372836
1377833506879188181
164597774933123338
1074409975518867430
1898437248889455249
1647670432313611571
882648334603929266
1225596649384952763
765022097350262232
725497313929559486
1647670431954191498
1225596649384952763
917258954485077577
1462630241714510170
2478419155640616080
573260456794744141
1015788913926105910
1799907289089006843
395882897322705166
2379889196199587747
1898437248530035176
354797424054598738
824027273370587819
152236857134815345
2478419155640616080
605564240630442416
1462630241714510170
1647670431954191498
2379889196199587747
164597774933123338
423046762945099919
1015788913926105910
2050274779592733427
1647670431954191498
1462630241714510170
2227652339064772402
218463032740145403
1377833506519768108
587644537878223257
2478419155640616080
494212191539977658
1377833506519768108
1647670431954191498
882648334603929266
250766816575843678
1654391882270028261
1647670431954191498
870799225330354025
579981907110580904
2478419156572066310
1225596650005919583
2478419156572066310
2379889197131037977
1885677004659610089
341975335026129133
329614417227821140
1048219090223397198
2478419156572066310
1799907290020457073
98529959441028333
1898437249461485406
1654391882270028261
882648334603929266
1872854915010173664
2227652344550258638
410224674511793348
917258961497177077
883621317412050158
1799907296101106343
1002055689679819639
1647670438929073882
250766818847155016
2379889205445781469
191761640555518091
428144380590505329
2227652346039654786
2478419164886809802
1654391882270028261
1470292877185723569
1305695092992195103
917258955344358751
2478419153704259738
2379889194263231405
152236855940776996
329614414218777622
1898437234188493260
2478419141299074164
423046757048841495
2478419141299074164
1799907276814995856
1647670420874218860
587644530787926484
2478419141299074164
1647670420874218860
587644530787926484
460574550636871773
1377833495643575879
2379889183925576760
1476363453017073283
1015788902813090166
2227652328201244092
725497306281893429
1476363454241390530
2478419142523391411
410224669648624903
917258945439592762
395882891630227151
883621307685713268
231285117891142162
2379889184358465416
329614414651666278
1002055688282000881
1654391878076571987
329614414651666278
2478419142523391411
1002055688282000881
329614414651666278
1462630238918872654
1898437235412810507
2379889184358465416
579981907110580904
579981907110580904
605564233955893854
765022089282371438
1799907277247884512
1225596639907184151
605564233943834794
2050274769706799138
824027264434760364
2227652328189185032
2227652328189185032
2478419132178146199
1015788897134218352
917258938969292357
2379889173883251008
164597771356171714
765022078485634611
2227652313866748054
1654391873415757305
422073780048364506
1377833483065407231
2478419126006365361
765022078485634611
883621304765205960
1654391877507187489
1476363447299071042
1377833490225410053
917258947474788666
2478419146061606064
395882891608997375
1377833499032619290
573260449954337481
1305695091937678975
1074409974060689997
12822087393140000
1015788904548449655
1898437238198659107
587644532019477920
422073782092378828
2379889188987945075
191761640410480545
2050274773532634329
883621309845300147
2379889188987945075
2478419146061606064
2478419146061606064
2379889188987945075
917258947474788666
2379889188987945075
870799222452160147
2478419146061606064
592742146260980132
1898437238198659107
2227652331877974435
2478419146061606064
2379889188987945075
573260447255926521
573260447255926521
1377833484481425628
2227652316745855087
652336188108048837
1799907265318276030
765022079881941796
2478419126653114184
1015788889789200893
2478419126653114184
1476363439416900351
231285113600616446
410224666826012091
1015788889789200893
2379889171717639461
1292872997290561951
2379889171717639461
494212182772760345
1898437220253750753
870799216453711549
1654391875344262670
1898437220253750753
1292872997290561951
1799907266004715737
917258935540165877
494212183459200052
191761638480349379
1015788890475640600
870799216453711549
250766809907259097
1048219077241251740
494212183459200052
2478419131278318217
2478419131278318217
494212183459200052
12822086567875176
765022084507145829
2050274767834550333
2478419134635402977
428144366800852644
1898437238873409450
2379889190337298158
882648333795309288
1225596645469957475
2227652334035842546
579981906399363431
870799225082819003
592742143055105441
2379889190337298158
592742143055105441
231285120228635710
1654391881989031730
605564231624068807
579981906399363431
1476363456706887810
1476363456706887810
1377833501771413087
423046762022994721
592742143055105441
1462630240194672719
2050274775812577761
1799907283937934727
395882893823546031
1476363456706887810
1225596645469957475
592742141482391216
2478419137409201756
1476363448843316685
2379889182473727033
2050274767949006636
824027258565598476
1377833493907841962
1799907276074363602
917258946169336351
1377833496611671076
2379889185950078751
2478419141271814776
2227652329262361837
231285117855729864
164597772408457398
1225596639923954162
1476363451933407101
231285117855729864
191761640607906088
1225596639923954162
1002055689338407675
1074409973603023755
1647670422476737104
1470292863867211017
494212187705700399
1898437234486190043
2478419141271814776
1799907279164454018
1898437234486190043
1015788901491072376
1476363451933407101
423046758463635952
1377833496164008055
870799221523460234
2227652329262361837
1074409973603023755
1898437233590864001
1799907275327700999
1015788897771504669
2379889182113325732
605564227820075826
1799907275327700999
1462630239215894067
725497302854373910
2379889182113325732
1654391879258951822
1225596636534864164
2379889182113325732
507034272946002822
231285116726033198
341975329888286819
354797416705948929
1015788896684602733
1898437227292606645
2478419134078231378
1647670415443116262
2478419134078231378
1305695085554829443
1470292857398438508
494212186863704198
587644526790434596
1002055689338407675
917258941810529729
410224668129163421
2227652322228740995
428144369894168137
329614415020095133
1799907272418533641
765022084835112350
1799907272418533641
1885676992340454176
883621303002046501
1654391875614420978
1377833489865750699
1470292857398438508
2478419134078231378
882648330608003912
1305695085554829443
1074409968828796245
2478419134078231378
2050274764184063241
1898437227292606645
1885676992340454176
460574548055220970
1647670414559251424
1225596632006468482
765022083951247512
1470292856514573670
592742141737777202
2379889178320293536
2379889178320293536
1898437226408741807
191761637778859914
1799907271534668803
164597771843609065
2379889179361306467
1225596632750049147
1654391875767353091
329614415020095133
2478419134235379471
1305695085414545270
2478419134235379471
1898437227301038605
1885676992348886136
250766811849490383
2379889179361306467
191761637927576047
883621302713046195
725497303593953376
2478419134235379471
1898437227301038605
2379889179361306467
2478419134235379471
218463029615154802
2379889179361306467
1476363444599539530
494212187012420331
882648329878872694
725497301540826408
1799907268320711665
2050274760234957398
587644523421743838
1048219069247990841
2478419128777998919
1647670409994167670
725497300189699792
1898437221843658053
1225596627292668595
2050274758883830782
579981906934340866
1647670409994167670
605564227150744786
1470292851949489916
1799907266969585049
1799907266969585049
152236856975417379
2379889173903925915
2379889173903925915
98529954874073004
592742141886493335
765022082237811584
573260444629293485
1048219072078012985
1647670413531695350
824027256478783868
1470292855487017596
573260444629293485
883621300085687787
1305695083494692398
765022082237811584
605564226489596679
1048219072139428319
1225596629340259103
652336187132974180
1476363441635353899
1476363441635353899
765022080394998290
2478419130918375183
2478419130918375183
824027251247767256
2227652318382687192
354797409249597351
824027251247767256
2379889175701203375
2379889175701203375
410224668754315749
1377833484890624174
507034269263741703
395882885774980429
2227652325571028976
354797411945225520
1002055692607664647
1898437230040216516
883621305953177429
2478419138106716967
870799221018138809
1799907263699079208
494212180620714583
1377833482587089607
1654391881026436574
2379889175684636339
507034265661287293
870799216925802314
1799907267618135888
882648332501216350
1002055692281319042
177419851053276082
725497290577061315
1292872998691937835
1898437216795368261
1292872998691937835
1377833476873495777
177377554350929873
152236856992170578
2478419124861868712
507034262396376533
329614411343100451
1470292849745213917
592742135348731661
2379889169154814819
765022071594927440
1470292847775774911
592742135348731661
2478419121907710203
395882879233960864
1885676986558978542
1305695079477197594
98529955707053893
218463028180684782
164597768298577317
1647670402126704784
2379889166200656310
2478419121907710203
428144367050154344
2050274754857555859
1872854903804279777
1898437214825929255
2478419121907710203
652336185311714959
2478419121907710203
250766812699224471
1476363431595830167
917258928587098018
507034262396376533
1654391875623594995
1799907259118875362
592742136125942790
177419852607698340
592742136125942790
177377554350929873
2379889169309500826
2478419125016554719
917258931695942534
882648330531777344
250766812699224471
573260435916524124
883621298578731893
2379889169309500826
395882881565594251
579981907081780948
2379889161932194796
423046748817951627
152236856172469908
2478419116819548019
1872854901260198685
422073782410398418
1377833471760643800
2050274750729423385
587644517783588546
882648330351461297
1872854904720527880
1305695079878962067
1885676987057969029
1885676987057969029
177419850593528925
2227652308845286008
573260428038372502
410224664806689883
1225596610856558674
329614407320329373
423046745786303135
1002055689314647195
605564209226156914
1476363419533012067
395882875698828168
2379889155151990908
2478419108847659262
725497283019157541
1470292840652654573
1647670392992198907
1799907247972983946
494212174384732280
2379889151009985040
191761636560162750
1048219055558438720
1476363415391006199
917258916620744671
2227652296620915125
870799208531709781
1377833461695337845
218463026896953857
2050274744873085915
2478419104705653394
164597766472687783
354797398774558149
2379889155872378522
341975318220516993
1015788872337222847
1048219058589653453
1225596597732431179
329614401935215297
460574543984156171
191761635469725747
882648324121501633
592742117901887606
250766803883054441
329614401935215297
1048219048085443883
329614401935215297
395882869467128285
1799907233009979004
2478419088076423860
410224662111808921
2478419088076423860
1476363404467459982
882648325720126515
422073780137345462
579981903471618416
1885676970174536254
1377833452872633542
1462630229191744931
2478419075762153090
882648323257272361
2379889125398753727
917258899901290027
579981902240191339
1470292825268779149
218463024116042759
883621278132543356
2050274718619795481
1470292817821871595
1885676956657881158
592742109704428875
423046734658019558
2379889115735147686
1647670365058927345
2227652259968376678
652336173328125748
1647670359170452792
1470292811933397042
191761631816426801
1872854874006681458
1377833433284160182
2478419060473835480
1647670359170452792
1898437159675911594
354797382906181483
1898437150509370383
725497254863511539
164597761360382905
605564183459496932
882648316073225176
725497256948377344
1002055675359450115
1898437154262128832
1462630217824743196
428144344943053194
2227652256276642230
2050274709879363858
2478419054822417052
1885676948757226913
507034231962506979
1002055676396200483
410224655009535948
423046730932483717
587644492054620662
587644492054620662
1377833430375486522
1074409950818146993
460574543403443595
1872854874809180026
1799907206056919353
250766798545774822
1048219035458064257
917258886972042927
2379889118196463663
1647670358453938045
1462630219799644078
423046731482781268
177419837411949748
1898437160807971753
1898437160807971753
1462630219799644078
1377833433196778550
1898437160807971753
1476363385126538922
579981900714767652
1885676951282425346
2478419061522739405
1799907223813996014
587644501323084806
2478419076458524038
1799907222563984864
1292872982496007024
1885676961200836251
1002055678529884002
1898437174493745236
2050274724390087002
765022048787468064
1654391857867395489
725497265411357027
2050274724390087002
152236850424273336
2478419075208512888
494212162077916265
587644500323075886
1898437174493745236
177377546643684442
2478419057001435528
765022039683929384
1015788838396547620
507034232785146896
98529950109052636
2050274711645132850
1470292812751072934
1470292812751072934
579981898894059916
1476363382112966998
12822074387796298
917258882942822361
231285096128910208
12822074387796298
1898437149199587907
2227652253218572233
250766799991799118
883621270820252905
2478419049828504048
1377833425972949982
2050274704808008249
1225596577857083042
2050274704808008249
1225596577857083042
12822075027386739
882648316787303351
1885676943927163894
354797382064216876
1898437150934444132
2478419049828504048
2227652250963994031
1647670358284137715
177419840051033494
341975311179632537
1292872970005717239
2227652257178197631
883621272891654105
2478419060185510048
423046730317201827
824027213666437244
1470292810056750733
231285099479492290
1898437161291450132
1898437161291450132
428144351234699399
428144351234699399
2227652257178197631
1654391846519072804
1377833434258554782
2379889107365465771
605564191285732893
573260409583868791
2379889105214953699
605564190748104875
592742114186944954
2478419058034997976
1462630215143735249
1002055673106910989
2478419058034997976
1470292807906238661
428144351234699399
765022039883950310
1002055673106910989
1225596581920774570
725497259771136931
1476363384928086987
882648316249675333
460574542036824260
2478419058034997976
824027212591181208
883621267616981525
1015788838986062092
579981898113019789
2050274701333017688
1872854863381692466
507034235584940217
395882858312756252
1292872964568067501
428144350453659272
2478419058605660706
428144350453659272
824027211389712694
494212159804820423
917258889050055806
177419838912671219
250766803007312417
422073774743459531
1654391847215948012
164597762171205428
1476363384437532801
2478419058605660706
1476363384437532801
12822076741465791
231285098764847994
2379889105785616429
2478419058605660706
218463021010715016
423046726207233822
2478419049491656023
354797383321016513
1885676940917460071
2050274702075998312
1462630214710226249
765022033799451731
883621267761999353
725497253506332482
2227652256286069544
341975309536315800
824027211146003245
2478419057268047587
2478419057268047587
1074409946697375968
1898437157843379213
1476363384112586869
2050274709852389876
765022041575843295
725497259338626155
1476363384112586869
1898437168533352610
605564194928534814
1898437168533352610
1898437168533352610
2379889116150643894
1305695052962050410
2227652265291706822
250766802666314162
1015788851515786482
587644500731456533
1647670365867038448
1799907216725975520
1305695052962050410
917258899708409392
2478419067958020984
507034243121157724
587644500731456533
1647670365867038448
1898437168533352610
2478419073021199368
1292872975855119300
1799907221226578528
422073774293367720
2478419073021199368
494212168409918637
1885676963527078007
2478419084306949110
2478419084306949110
2478419084306949110
2227652279529395063
1898437183896191603
1292872981728233868
1470292829451957260
605564202167957735
12822081388086632
917258910446964973
1898437181878960664
883621286458127054
164597766111499989
1885676960450853225
1225596602012170568
1015788861247960042
2478419080334177244
725497274773298673
507034248901458185
917258909102144347
177419847275449850
218463025871840488
507034253220363821
494212170976687551
1377833461753720241
765022062317311582
507034253220363821
2478419090051714925
1872854883605809000
1898437191596498345
152236853263191219
250766806488733323
1898437190557225385
1898437190557225385
2379889140686504965
917258918642755991
824027235847275374
1654391858064771695
2227652287423313746
2478419093912047069
573260429358542051
1074409958997104477
12822082856126908
579981899067667218
1225596611125959890
395882879735288271
1898437199378780227
